lastAccountName: WarHammerCasey
timestamps:
  login: 1552258122230
  logout: 1552258580154
ipAddress: 71.237.123.65
logoutlocation:
  world: world
  x: 398.73298917609344
  y: 99.75126357752914
  z: -134.9620224990573
  yaw: -158.03906
  pitch: 16.199926
